0
0.13
0.26
0.39
0.52
0.65
0.78
0.91
1.04
1.17
1.3
1.43
1.56
1.69
1.82
1.95
2.08
2.21
2.34
2.47
2.6
2.73
2.86
2.99
3.12
3.25
3.38
3.51
3.64
3.77
3.9
4.03
4.16
4.29
4.42
4.55
4.68
4.81
4.94
5.07
5.2
5.33
5.46
5.59
5.72
5.85
5.98
6
6
6
6
6
6
6
6
6
6
6
6
6
6
6
6
6
6
6
6
6
6
6
6
6
6
6
6
6
6
6
6
6
6
6
6
6
6
6
6
6
6
6
6
6
6
6
6
6
6
6
6
6
6
5.87001
5.74001
5.61001
5.48001
5.35001
5.22001
5.09001
4.96001
4.83001
4.70001
4.57001
4.44001
4.31001
4.18001
4.05001
3.92001
3.79001
3.66001
3.53001
3.40001
3.27001
3.14001
3.01001
2.88001
2.75001
2.62001
2.49001
2.36001
2.23001
2.10001
1.97001
1.84001
1.71001
1.58001
1.45001
1.32001
1.19001
1.06001
0.930013
0.800013
0.670013
0.540013
0.410013
0.280013
0.150013
0.0200133
0
0
0
0
0
0
0
0
0
0
0
0
0
0
0
0
0
0
0
0
0
0
0
0
0
0
0
0
0
0
0
0
0
0
0
0
0
0
0
0
0
0
0
0
0
0
0
0
0
0
0
0
0
0
0
0
0
0
0
0
0
0
0
0
0
0
0
0
0
0
0
0
0
0
0
0
0
0
0
0
0
0
0
0
0
0
0
0
0
0
0
0
0
0
0
0
0
0
0
0
0
0
0
0
-0.129975
-0.259975
-0.389975
-0.519975
-0.649975
-0.779974
-0.909974
-1.03997
-1.16997
-1.29997
-1.42997
-1.55997
-1.68997
-1.81997
-1.94997
-2.07997
-2.20997
-2.33997
-2.46997
-2.59997
-2.72997
-2.85997
-2.98997
-3.11997
-3.24997
-3.37997
-3.50997
-3.63997
-3.76997
-3.89997
-4.02997
-4.15997
-4.28997
-4.41997
-4.54997
-4.67997
-4.80997
-4.93997
-5.06997
-5.19997
-5.32997
-5.45997
-5.58997
-5.71997
-5.84997
-5.97997
-6
-6
-6
-6
-6
-6
-6
-6
-6
-6
-6
-6
-6
-6
-6
-6
-6
-6
-6
-6
-6
-6
-6
-6
-6
-6
-6
-6
-6
-6
-6
-6
-6
-6
-6
-6
-6
-6
-6
-6
-6
-6
-6
-6
-6
-6
-6
-6
-6
-6
-6
-6
-6
-6
-5.87004
-5.74004
-5.61004
-5.48004
-5.35004
-5.22004
-5.09004
-4.96004
-4.83004
-4.70004
-4.57004
-4.44004
-4.31004
-4.18004
-4.05004
-3.92004
-3.79004
-3.66004
-3.53004
-3.40004
-3.27004
-3.14004
-3.01004
-2.88004
-2.75004
-2.62004
-2.49004
-2.36004
-2.23004
-2.10004
-1.97004
-1.84004
-1.71004
-1.58004
-1.45004
-1.32004
-1.19004
-1.06004
-0.930042
-0.800042
-0.670042
-0.540042
-0.410043
-0.280043
-0.150043
-0.0200429
