0
0
6.5e-06
3.25e-05
9.1e-05
0.000195
0.0003575
0.0005915
0.00091
0.001326
0.0018525
0.0025025
0.003289
0.004225
0.0053235
0.0065975
0.00806
0.009724
0.0116025
0.0137085
0.016055
0.018655
0.0215215
0.0246675
0.028106
0.03185
0.0359125
0.0403065
0.045045
0.050141
0.0556075
0.0614575
0.067704
0.07436
0.0814385
0.0889525
0.096915
0.105339
0.114237
0.123623
0.13351
0.14391
0.154836
0.166302
0.178321
0.190905
0.204067
0.217821
0.232175
0.247129
0.262683
0.278837
0.29559
0.312944
0.330898
0.349452
0.368606
0.388359
0.408713
0.429667
0.451221
0.473375
0.496129
0.519482
0.543436
0.56799
0.593144
0.618898
0.645251
0.672205
0.699759
0.727913
0.756667
0.78602
0.815974
0.846528
0.877682
0.909436
0.941789
0.974743
1.0083
1.04245
1.0772
1.11256
1.14851
1.18507
1.22222
1.25997
1.29833
1.33728
1.37683
1.41699
1.45774
1.4991
1.54105
1.5836
1.62676
1.67051
1.71486
1.75982
1.80537
1.85153
1.89827
1.9456
1.9935
2.04195
2.09094
2.14046
2.19049
2.24103
2.29206
2.34356
2.39553
2.44795
2.5008
2.55408
2.60777
2.66186
2.71634
2.77119
2.82639
2.88195
2.93783
2.99404
3.05056
3.10737
3.16446
3.22182
3.27943
3.33729
3.39538
3.45368
3.51219
3.57089
3.62976
3.6888
3.74799
3.80732
3.86678
3.92635
3.98601
4.04577
4.10559
4.16548
4.22542
4.28539
4.34538
4.40538
4.46538
4.52538
4.58538
4.64538
4.70538
4.76538
4.82538
4.88538
4.94538
5.00538
5.06538
5.12538
5.18538
5.24538
5.30538
5.36538
5.42538
5.48538
5.54538
5.60538
5.66538
5.72538
5.78538
5.84538
5.90538
5.96538
6.02538
6.08538
6.14538
6.20538
6.26538
6.32538
6.38538
6.44538
6.50538
6.56538
6.62538
6.68538
6.74538
6.80538
6.86538
6.92538
6.98538
7.04538
7.10538
7.16538
7.22538
7.28538
7.34538
7.40538
7.46538
7.52538
7.58538
7.64538
7.70538
7.76538
7.82538
7.88538
7.94538
8.00538
8.06538
8.12538
8.18538
8.24537
8.30537
8.36537
8.42537
8.48537
8.54537
8.60537
8.66537
8.72537
8.78537
8.84537
8.90537
8.96537
9.02537
9.08537
9.14537
9.20537
9.26537
9.32537
9.38536
9.44536
9.50536
9.56536
9.62536
9.68536
9.74536
9.80536
9.86536
9.92536
9.98536
10.0454
10.1054
10.1654
10.2254
10.2854
10.3454
10.4054
10.4654
10.5254
10.5854
10.6454
10.7053
10.7653
10.8253
10.8852
10.945
11.0048
11.0644
11.124
11.1835
11.2428
11.3021
11.3611
11.42
11.4788
11.5373
11.5956
11.6538
11.7116
11.7693
11.8267
11.8838
11.9407
11.9972
12.0535
12.1094
12.165
12.2203
12.2752
12.3297
12.3839
12.4376
12.491
12.5439
12.5964
12.6484
12.7
12.7511
12.8017
12.8518
12.9014
12.9505
12.9991
13.047
13.0944
13.1413
13.1875
13.2332
13.2782
13.3227
13.3665
13.4098
13.4524
13.4945
13.5359
13.5767
13.617
13.6566
13.6957
13.7341
13.772
13.8092
13.8459
13.8819
13.9174
13.9522
13.9865
14.0201
14.0532
14.0856
14.1174
14.1487
14.1793
14.2094
14.2388
14.2677
14.2959
14.3236
14.3506
14.3771
14.4029
14.4282
14.4528
14.4768
14.5003
14.5231
14.5454
14.567
14.5881
14.6085
14.6284
14.6476
14.6663
14.6843
14.7018
14.7186
14.7348
14.7505
14.7655
14.78
14.7938
14.8071
14.8198
14.8319
14.8434
14.8544
14.8649
14.8749
14.8843
14.8933
14.9018
14.9098
14.9174
14.9246
14.9313
14.9376
14.9435
14.949
14.9542
14.959
14.9634
14.9675
14.9713
14.9748
14.978
14.9809
14.9835
14.9859
14.9881
14.99
14.9917
14.9932
14.9945
14.9956
14.9966
14.9974
14.998
14.9986
14.999
14.9993
14.9996
14.9998
14.9999
14.9999
15
15
