0
0.00065
0.0026
0.00585
0.0104
0.01625
0.0234
0.03185
0.0416
0.05265
0.065
0.07865
0.0936
0.10985
0.1274
0.14625
0.1664
0.18785
0.2106
0.23465
0.26
0.28665
0.3146
0.34385
0.3744
0.40625
0.4394
0.47385
0.5096
0.54665
0.585
0.62465
0.6656
0.70785
0.7514
0.79625
0.8424
0.88985
0.9386
0.98865
1.04
1.09265
1.1466
1.20185
1.2584
1.31625
1.3754
1.43538
1.49538
1.55538
1.61538
1.67538
1.73538
1.79538
1.85538
1.91538
1.97538
2.03538
2.09538
2.15538
2.21538
2.27538
2.33538
2.39538
2.45538
2.51538
2.57538
2.63538
2.69538
2.75538
2.81538
2.87538
2.93538
2.99538
3.05538
3.11538
3.17538
3.23538
3.29538
3.35538
3.41538
3.47538
3.53538
3.59538
3.65538
3.71538
3.77538
3.83538
3.89538
3.95538
4.01538
4.07538
4.13538
4.19538
4.25538
4.31538
4.37538
4.43538
4.49538
4.55538
4.61538
4.67473
4.73278
4.78953
4.84498
4.89913
4.95198
5.00353
5.05378
5.10273
5.15038
5.19673
5.24178
5.28553
5.32798
5.36913
5.40898
5.44753
5.48478
5.52073
5.55538
5.58873
5.62078
5.65153
5.68098
5.70913
5.73598
5.76153
5.78578
5.80873
5.83038
5.85073
5.86978
5.88753
5.90398
5.91913
5.93298
5.94553
5.95678
5.96673
5.97538
5.98273
5.98878
5.99353
5.99698
5.99913
5.99998
6
6
6
6
6
6
6
6
6
6
6
6
6
6
6
6
6
6
6
6
6
6
6
6
6
6
6
6
6
6
6
6
6
6
6
6
6
6
6
6
6
6
6
6
6
6
6
6
6
6
6
6
6
6
6
6
6
6
6
6
6
6
6
6
6
6
6
6
6
6
6
6
6
6
6
6
6
6
6
6
6
6
6
6
6
6
6
6
6
6
6
6
6
6
6
6
6
6
6
6
6
6
6
6
5.99935
5.9974
5.99415
5.9896
5.98375
5.9766
5.96815
5.9584
5.94735
5.935
5.92135
5.9064
5.89015
5.8726
5.85375
5.8336
5.81215
5.7894
5.76536
5.74001
5.71336
5.68541
5.65616
5.62561
5.59376
5.56061
5.52616
5.49041
5.45336
5.41501
5.37536
5.33441
5.29216
5.24861
5.20376
5.15761
5.11016
5.06141
5.01136
4.96001
4.90736
4.85341
4.79816
4.74161
4.68376
4.62461
4.56463
4.50463
4.44463
4.38463
4.32463
4.26463
4.20463
4.14463
4.08463
4.02463
3.96463
3.90463
3.84463
3.78463
3.72463
3.66463
3.60463
3.54463
3.48463
3.42463
3.36463
3.30463
3.24463
3.18463
3.12463
3.06463
3.00463
2.94463
2.88463
2.82463
2.76463
2.70463
2.64463
2.58463
2.52463
2.46463
2.40463
2.34463
2.28463
2.22463
2.16463
2.10463
2.04463
1.98463
1.92463
1.86463
1.80463
1.74463
1.68463
1.62463
1.56463
1.50463
1.44463
1.38463
1.32528
1.26723
1.21048
1.15503
1.10088
1.04803
0.996481
0.94623
0.89728
0.84963
0.803279
0.758229
0.714479
0.672028
0.630878
0.591028
0.552477
0.515227
0.479277
0.444626
0.411276
0.379226
0.348475
0.319025
0.290874
0.264024
0.238474
0.214223
0.191273
0.169623
0.149272
0.130222
0.112471
0.096021
0.0808706
0.0670202
0.0544698
0.0432193
0.0332689
0.0246185
0.0172681
0.0112177
0.00646727
0.00301685
0.000866422
1.5994e-05
