0
0.0003
0.0012
0.0027
0.0048
0.0075
0.0108
0.0147
0.0192
0.0243
0.03
0.0363
0.0432
0.0507
0.0588
0.0675
0.0768
0.0867
0.0972
0.1083
0.12
0.1323
0.1452
0.1587
0.1728
0.1875
0.2028
0.2187
0.2352
0.2523
0.27
0.2883
0.3072
0.3267
0.3468
0.3675
0.3888
0.4107
0.4332
0.4563
0.48
0.5043
0.5292
0.5547
0.5808
0.6075
0.6348
0.6627
0.6912
0.720299
0.749999
0.780299
0.811199
0.842699
0.874799
0.907499
0.940799
0.974699
1.0092
1.0443
1.08
1.1163
1.1532
1.1907
1.2288
1.2675
1.3068
1.3467
1.3872
1.4283
1.47
1.5123
1.5552
1.5987
1.6428
1.6875
1.7328
1.7787
1.8252
1.8723
1.92
1.9683
2.0172
2.0667
2.1168
2.1675
2.2188
2.2707
2.3232
2.3763
2.43
2.4843
2.5392
2.5947
2.6508
2.7075
2.7648
2.8227
2.8812
2.9403
3
3.06
3.12
3.18
3.24
3.3
3.36
3.42
3.48
3.54
3.6
3.66
3.72
3.78
3.84
3.9
3.96
4.02
4.08
4.14
4.2
4.26
4.31999
4.38
4.43999
4.5
4.55999
4.62
4.67999
4.74
4.79999
4.85999
4.91999
4.97999
5.03999
5.09999
5.15999
5.21999
5.27999
5.33999
5.39999
5.45999
5.51999
5.57999
5.63999
5.69999
5.75999
5.81999
5.87999
5.93999
5.99999
6.05999
6.11999
6.17999
6.23999
6.29999
6.35999
6.41999
6.47999
6.53999
6.59999
6.65999
6.71999
6.77999
6.83999
6.89999
6.95999
7.01999
7.07999
7.13999
7.19999
7.25999
7.31999
7.37999
7.43999
7.49999
7.55999
7.61999
7.67999
7.73999
7.79999
7.85999
7.91999
7.97999
8.03999
8.09999
8.15999
8.21999
8.27999
8.33999
8.39999
8.45999
8.51999
8.57999
8.63999
8.69999
8.75999
8.81999
8.87999
8.93999
8.99999
9.05999
9.11999
9.17999
9.23999
9.29999
9.35999
9.41999
9.47999
9.53999
9.59999
9.65999
9.71999
9.77999
9.83999
9.89999
9.95999
10.02
10.08
10.14
10.2
10.26
10.32
10.38
10.44
10.5
10.56
10.62
10.68
10.74
10.8
10.86
10.92
10.98
11.04
11.1
11.16
11.22
11.28
11.34
11.4
11.46
11.52
11.58
11.64
11.7
11.76
11.82
11.88
11.94
12
12.0597
12.1188
12.1773
12.2352
12.2925
12.3492
12.4053
12.4608
12.5157
12.57
12.6237
12.6768
12.7293
12.7812
12.8325
12.8832
12.9333
12.9828
13.0317
13.08
13.1277
13.1748
13.2213
13.2672
13.3125
13.3572
13.4013
13.4448
13.4877
13.53
13.5717
13.6128
13.6533
13.6932
13.7325
13.7712
13.8093
13.8468
13.8837
13.92
13.9557
13.9908
14.0253
14.0592
14.0925
14.1252
14.1573
14.1888
14.2197
14.25
14.2797
14.3088
14.3373
14.3652
14.3925
14.4192
14.4453
14.4708
14.4957
14.52
14.5437
14.5668
14.5893
14.6112
14.6325
14.6532
14.6733
14.6928
14.7117
14.73
14.7477
14.7648
14.7813
14.7972
14.8125
14.8272
14.8413
14.8548
14.8677
14.88
14.8917
14.9028
14.9133
14.9232
14.9325
14.9412
14.9493
14.9568
14.9637
14.97
14.9757
14.9808
14.9853
14.9892
14.9925
14.9952
14.9973
14.9988
14.9997
15
