0
0.06
0.12
0.18
0.24
0.3
0.36
0.42
0.48
0.54
0.6
0.66
0.72
0.78
0.84
0.9
0.96
1.02
1.08
1.14
1.2
1.26
1.32
1.38
1.44
1.5
1.56
1.62
1.68
1.74
1.8
1.86
1.92
1.98
2.04
2.1
2.16
2.22
2.28
2.34
2.4
2.46
2.52
2.58
2.64
2.7
2.76
2.82
2.88
2.94
3
3.06
3.12
3.18
3.24
3.3
3.36
3.42
3.48
3.54
3.6
3.66
3.72
3.78
3.84
3.9
3.96
4.02
4.08
4.14
4.2
4.26
4.32
4.38
4.44
4.5
4.56
4.62
4.68
4.74
4.8
4.86
4.92
4.98
5.04
5.1
5.16
5.22
5.28
5.34
5.4
5.46
5.52
5.58
5.64
5.7
5.76
5.82
5.88
5.94
6
6
6
6
6
6
6
6
6
6
6
6
6
6
6
6
6
6
6
6
6
6
6
6
6
6
6
6
6
6
6
6
6
6
6
6
6
6
6
6
6
6
6
6
6
6
6
6
6
6
6
6
6
6
6
6
6
6
6
6
6
6
6
6
6
6
6
6
6
6
6
6
6
6
6
6
6
6
6
6
6
6
6
6
6
6
6
6
6
6
6
6
6
6
6
6
6
6
6
6
6
6
6
6
6
6
6
6
6
6
6
6
6
6
6
6
6
6
6
6
6
6
6
6
6
6
6
6
6
6
6
6
6
6
6
6
6
6
6
6
6
6
6
6
6
6
6
6
6
6
6
5.94001
5.88001
5.82001
5.76001
5.70001
5.64001
5.58001
5.52001
5.46001
5.40001
5.34001
5.28001
5.22001
5.16001
5.10001
5.04001
4.98001
4.92001
4.86001
4.80001
4.74001
4.68001
4.62001
4.56001
4.50001
4.44001
4.38001
4.32001
4.26001
4.20001
4.14001
4.08001
4.02001
3.96001
3.90001
3.84001
3.78001
3.72001
3.66001
3.60001
3.54001
3.48001
3.42001
3.36001
3.30001
3.24001
3.18001
3.12001
3.06001
3.00001
2.94001
2.88001
2.82001
2.76001
2.70001
2.64001
2.58001
2.52001
2.46001
2.40001
2.34001
2.28001
2.22002
2.16002
2.10002
2.04002
1.98002
1.92002
1.86002
1.80002
1.74002
1.68002
1.62002
1.56002
1.50002
1.44002
1.38002
1.32002
1.26002
1.20002
1.14002
1.08002
1.02002
0.960016
0.900016
0.840016
0.780016
0.720016
0.660017
0.600017
0.540017
0.480017
0.420017
0.360017
0.300017
0.240017
0.180017
0.120017
0.0600171
1.71661e-05
